
==============

State: 
9 7 8 
6 5 4 
3 2 1 
==============

State: 
7 9 8 
6 5 4 
3 2 1 
==============

State: 
7 8 9 
6 5 4 
3 2 1 
==============

State: 
6 8 9 
7 5 4 
3 2 1 
==============

State: 
6 8 9 
3 5 4 
7 2 1 
==============

State: 
3 8 9 
6 5 4 
7 2 1 
==============

State: 
8 3 9 
6 5 4 
7 2 1 
==============

State: 
8 9 3 
6 5 4 
7 2 1 
==============

State: 
9 8 3 
6 5 4 
7 2 1 
==============

State: 
9 5 3 
6 8 4 
7 2 1 
==============

State: 
9 5 3 
6 2 4 
7 8 1 
==============

State: 
9 2 3 
6 5 4 
7 8 1 
==============

State: 
9 2 3 
5 6 4 
7 8 1 
==============

State: 
9 2 3 
5 4 6 
7 8 1 
==============

State: 
9 2 3 
4 5 6 
7 8 1 
==============

State: 
9 2 3 
4 5 1 
7 8 6 
==============

State: 
9 2 1 
4 5 3 
7 8 6 
==============

State: 
9 1 2 
4 5 3 
7 8 6 
==============

State: 
1 9 2 
4 5 3 
7 8 6 
==============

State: 
1 2 9 
4 5 3 
7 8 6 
==============

State: 
1 2 3 
4 5 9 
7 8 6 
==============

State: 
1 2 3 
4 5 6 
7 8 9 