
==============

State: 
9 7 8 
6 5 4 
3 2 1 
==============

State: 
9 5 8 
6 7 4 
3 2 1 
==============

State: 
9 5 8 
7 6 4 
3 2 1 
==============

State: 
9 5 8 
7 4 6 
3 2 1 
==============

State: 
9 5 8 
3 4 6 
7 2 1 
==============

State: 
9 5 8 
4 3 6 
7 2 1 
==============

State: 
9 3 8 
4 5 6 
7 2 1 
==============

State: 
9 8 3 
4 5 6 
7 2 1 
==============

State: 
9 5 3 
4 8 6 
7 2 1 
==============

State: 
9 5 3 
4 2 6 
7 8 1 
==============

State: 
9 2 3 
4 5 6 
7 8 1 
==============

State: 
9 2 3 
4 5 1 
7 8 6 
==============

State: 
9 2 3 
4 1 5 
7 8 6 
==============

State: 
9 1 3 
4 2 5 
7 8 6 
==============

State: 
1 9 3 
4 2 5 
7 8 6 
==============

State: 
1 2 3 
4 9 5 
7 8 6 
==============

State: 
1 2 3 
4 5 9 
7 8 6 
==============

State: 
1 2 3 
4 5 6 
7 8 9 