[4, 1, 2, 3]
[2, 1, 4, 3]
[2, 1, 3, 4]
[4, 1, 3, 2]
[2, 1, 3, 4]
[4, 1, 3, 2]
[4, 1, 3, 2]
[4, 3, 2, 1]
[4, 3, 2, 1]
[1, 3, 4, 2]
[3, 8, 9, 7, 5, 1, 2, 6, 4]
[6, 4, 2, 1, 3, 9, 5, 7, 8]
[6, 1, 3, 7, 8, 9, 5, 2, 4]
[8, 5, 1, 9, 2, 7, 6, 3, 4]
[4, 8, 6, 9, 3, 1, 7, 2, 5]
[8, 9, 1, 3, 6, 5, 2, 4, 7]
[1, 3, 5, 8, 4, 2, 9, 7, 6]
[5, 8, 7, 9, 2, 4, 3, 6, 1]
[8, 9, 4, 1, 7, 6, 3, 2, 5]
[5, 3, 8, 9, 7, 2, 6, 4, 1]
[4, 12, 2, 13, 10, 1, 5, 11, 9, 7, 3, 16, 8, 6, 14, 15]
[6, 2, 14, 7, 1, 11, 16, 15, 9, 10, 3, 5, 8, 13, 4, 12]
[10, 12, 6, 5, 15, 8, 3, 7, 14, 9, 2, 11, 1, 16, 13, 4]
[7, 4, 16, 12, 11, 10, 9, 3, 8, 6, 2, 13, 14, 15, 1, 5]
[14, 1, 6, 8, 12, 2, 11, 3, 15, 10, 9, 16, 7, 4, 13, 5]
[8, 5, 1, 7, 6, 16, 9, 15, 10, 12, 11, 13, 4, 14, 3, 2]
[5, 1, 16, 8, 3, 6, 15, 13, 2, 10, 7, 12, 14, 11, 4, 9]
[6, 2, 14, 9, 3, 13, 8, 4, 5, 10, 12, 15, 16, 7, 11, 1]
[5, 10, 15, 6, 9, 1, 16, 11, 8, 3, 13, 4, 2, 7, 14, 12]
[2, 4, 7, 14, 9, 15, 10, 16, 12, 5, 11, 8, 6, 3, 13, 1]
[8, 16, 4, 22, 7, 10, 13, 15, 18, 17, 12, 1, 19, 21, 6, 25, 24, 2, 23, 11, 9, 20, 14, 3, 5]
[10, 9, 21, 20, 24, 18, 1, 16, 2, 12, 22, 17, 3, 6, 23, 15, 25, 14, 19, 11, 7, 5, 8, 4, 13]
[12, 1, 7, 14, 19, 4, 16, 25, 9, 15, 24, 23, 18, 11, 8, 13, 17, 6, 20, 22, 3, 5, 10, 2, 21]
[1, 13, 6, 15, 25, 16, 8, 10, 21, 23, 3, 11, 5, 20, 17, 22, 18, 9, 7, 4, 24, 14, 2, 19, 12]
[21, 7, 22, 2, 18, 14, 10, 6, 12, 13, 19, 3, 5, 1, 4, 20, 16, 23, 24, 15, 8, 11, 9, 25, 17]
[14, 11, 21, 16, 2, 23, 12, 15, 20, 9, 4, 3, 13, 19, 7, 17, 25, 1, 6, 24, 22, 10, 5, 8, 18]
[11, 1, 17, 21, 12, 18, 22, 19, 24, 15, 16, 3, 13, 9, 14, 7, 5, 23, 20, 8, 10, 4, 2, 25, 6]
[10, 17, 20, 9, 1, 3, 21, 25, 6, 4, 23, 11, 7, 8, 16, 15, 13, 18, 19, 5, 24, 12, 22, 14, 2]
[10, 1, 19, 13, 7, 17, 11, 24, 22, 18, 12, 4, 9, 6, 15, 5, 20, 3, 23, 16, 2, 8, 21, 25, 14]
[4, 6, 23, 11, 22, 3, 20, 13, 14, 9, 16, 18, 21, 25, 7, 8, 17, 15, 5, 24, 2, 10, 12, 19, 1]
[2, 9, 20, 27, 13, 30, 5, 10, 35, 31, 33, 17, 26, 11, 14, 29, 3, 6, 23, 34, 19, 7, 36, 4, 15, 12, 25, 18, 32, 22, 21, 28, 8, 24, 16, 1]
[25, 2, 19, 24, 17, 18, 21, 4, 31, 9, 13, 7, 35, 20, 26, 3, 30, 14, 33, 8, 29, 23, 12, 34, 11, 6, 1, 32, 28, 15, 36, 16, 22, 10, 27, 5]
[32, 1, 4, 29, 26, 2, 5, 17, 13, 35, 18, 36, 25, 34, 19, 10, 27, 21, 30, 6, 33, 3, 7, 24, 28, 11, 12, 20, 14, 15, 16, 9, 8, 23, 22, 31]
[36, 20, 11, 23, 17, 27, 3, 10, 35, 12, 31, 29, 24, 33, 16, 32, 13, 14, 34, 30, 22, 5, 25, 15, 18, 26, 2, 1, 9, 8, 7, 21, 4, 19, 6, 28]
[8, 4, 14, 6, 17, 31, 36, 34, 29, 1, 2, 11, 35, 21, 27, 23, 15, 16, 33, 22, 26, 3, 30, 19, 5, 12, 10, 25, 24, 28, 13, 9, 7, 20, 32, 18]
[18, 29, 21, 25, 26, 12, 15, 3, 24, 31, 22, 1, 17, 33, 27, 10, 13, 7, 28, 16, 23, 4, 34, 11, 36, 32, 6, 19, 2, 8, 20, 9, 5, 14, 35, 30]
[22, 21, 34, 23, 7, 32, 30, 9, 8, 12, 27, 24, 26, 29, 19, 4, 11, 1, 36, 16, 35, 5, 3, 6, 15, 28, 25, 33, 31, 14, 18, 10, 13, 17, 2, 20]
[29, 5, 24, 33, 10, 26, 30, 28, 27, 25, 21, 4, 18, 13, 9, 34, 1, 3, 14, 6, 2, 31, 8, 7, 19, 16, 17, 23, 15, 36, 11, 20, 32, 22, 12, 35]
[35, 36, 5, 34, 32, 16, 3, 8, 14, 17, 1, 31, 29, 24, 21, 28, 10, 4, 25, 18, 13, 7, 19, 33, 15, 11, 9, 26, 6, 20, 27, 30, 12, 22, 2, 23]
[7, 30, 19, 1, 16, 28, 36, 4, 26, 9, 21, 11, 22, 35, 25, 5, 27, 12, 31, 2, 33, 6, 10, 3, 17, 8, 32, 14, 24, 29, 20, 15, 23, 34, 13, 18]
[25, 31, 6, 35, 23, 26, 24, 41, 4, 5, 29, 7, 16, 36, 3, 37, 30, 14, 20, 27, 28, 2, 40, 21, 46, 38, 45, 33, 32, 47, 18, 10, 42, 13, 8, 44, 19, 15, 48, 9, 11, 1, 43, 12, 49, 34, 17, 22, 39]
[48, 13, 9, 44, 1, 46, 14, 19, 18, 34, 45, 29, 28, 39, 7, 27, 49, 40, 36, 33, 2, 8, 35, 23, 30, 37, 17, 12, 6, 26, 43, 32, 25, 4, 38, 15, 20, 11, 5, 31, 41, 42, 21, 10, 16, 3, 22, 24, 47]
[38, 43, 39, 11, 22, 23, 32, 15, 17, 1, 42, 13, 5, 35, 47, 29, 46, 18, 49, 26, 12, 44, 21, 16, 40, 20, 7, 41, 3, 14, 34, 27, 4, 2, 9, 37, 10, 30, 31, 19, 33, 48, 36, 25, 6, 28, 45, 8, 24]
[16, 6, 8, 28, 15, 34, 40, 20, 17, 32, 11, 12, 38, 29, 4, 18, 46, 19, 27, 44, 30, 9, 26, 39, 45, 10, 22, 37, 47, 33, 5, 48, 13, 14, 42, 49, 7, 1, 23, 43, 35, 21, 3, 31, 24, 41, 36, 25, 2]
[12, 43, 32, 7, 40, 5, 11, 8, 48, 24, 45, 4, 38, 18, 27, 39, 35, 37, 29, 41, 31, 14, 6, 20, 42, 34, 22, 13, 1, 44, 28, 25, 15, 9, 26, 10, 30, 49, 2, 17, 33, 46, 36, 16, 47, 23, 21, 19, 3]
[37, 41, 29, 27, 40, 12, 47, 39, 19, 43, 1, 28, 35, 10, 14, 33, 46, 11, 2, 32, 18, 6, 42, 20, 26, 5, 23, 9, 34, 15, 24, 30, 22, 38, 21, 13, 49, 44, 17, 25, 3, 4, 48, 8, 45, 7, 31, 36, 16]
[20, 9, 10, 26, 17, 33, 11, 18, 49, 2, 46, 47, 1, 30, 13, 19, 6, 34, 32, 41, 21, 39, 5, 27, 36, 7, 24, 3, 29, 48, 25, 12, 4, 8, 28, 45, 38, 14, 22, 31, 43, 42, 15, 44, 40, 23, 16, 37, 35]
[25, 13, 7, 33, 40, 43, 11, 41, 29, 5, 16, 15, 38, 31, 45, 20, 22, 8, 42, 3, 37, 17, 47, 34, 14, 32, 48, 12, 18, 27, 23, 2, 30, 6, 36, 21, 28, 24, 10, 35, 1, 46, 9, 26, 19, 39, 4, 49, 44]
[20, 34, 37, 45, 2, 22, 27, 33, 49, 42, 47, 12, 28, 4, 43, 5, 21, 3, 30, 25, 23, 35, 1, 15, 29, 9, 8, 40, 18, 13, 48, 7, 24, 6, 10, 14, 46, 32, 31, 16, 19, 11, 26, 38, 36, 17, 41, 44, 39]
[32, 9, 10, 26, 15, 3, 43, 48, 24, 13, 16, 21, 30, 8, 11, 49, 18, 7, 33, 35, 20, 27, 38, 36, 46, 23, 2, 5, 34, 28, 41, 47, 19, 37, 25, 12, 39, 6, 31, 4, 44, 17, 14, 1, 22, 40, 45, 42, 29]
[31, 3, 15, 13, 28, 27, 9, 43, 18, 12, 11, 60, 42, 37, 58, 8, 63, 29, 44, 32, 6, 54, 46, 19, 26, 64, 53, 16, 35, 24, 56, 21, 10, 55, 25, 51, 34, 50, 61, 17, 20, 22, 38, 5, 57, 48, 23, 59, 14, 45, 30, 33, 4, 36, 49, 1, 52, 62, 39, 41, 47, 40, 2, 7]
[24, 50, 55, 9, 56, 22, 17, 57, 16, 23, 61, 37, 35, 8, 28, 45, 32, 29, 53, 21, 12, 59, 19, 25, 51, 20, 11, 54, 46, 2, 40, 63, 48, 5, 62, 52, 49, 41, 34, 26, 14, 47, 39, 6, 1, 44, 43, 10, 13, 33, 3, 42, 15, 58, 60, 64, 38, 27, 31, 4, 30, 18, 7, 36]
[62, 29, 28, 44, 3, 8, 24, 36, 58, 35, 61, 57, 26, 21, 64, 34, 16, 6, 49, 9, 54, 17, 27, 50, 30, 22, 52, 47, 51, 59, 45, 42, 1, 53, 60, 18, 2, 15, 25, 4, 32, 37, 46, 19, 41, 43, 10, 63, 20, 5, 40, 31, 56, 38, 39, 7, 12, 55, 14, 11, 13, 33, 23, 48]
[21, 25, 7, 8, 31, 2, 56, 53, 38, 32, 58, 42, 9, 23, 59, 4, 40, 41, 14, 1, 5, 37, 12, 29, 13, 51, 55, 46, 15, 35, 48, 28, 6, 34, 26, 16, 3, 45, 64, 10, 44, 49, 17, 11, 61, 52, 62, 57, 50, 27, 60, 24, 63, 20, 19, 39, 36, 22, 33, 43, 47, 54, 18, 30]
[20, 62, 43, 22, 6, 28, 37, 53, 39, 2, 34, 41, 58, 30, 61, 3, 12, 31, 8, 55, 38, 13, 1, 49, 52, 40, 35, 54, 48, 24, 5, 26, 36, 46, 15, 7, 42, 64, 44, 9, 23, 16, 63, 4, 25, 51, 21, 18, 29, 56, 57, 47, 60, 17, 50, 19, 33, 14, 59, 10, 27, 32, 45, 11]
[30, 62, 64, 15, 55, 60, 53, 14, 24, 56, 19, 17, 9, 59, 29, 57, 20, 54, 40, 18, 4, 34, 48, 10, 13, 21, 8, 33, 26, 7, 61, 2, 22, 5, 25, 42, 43, 38, 45, 39, 27, 1, 6, 28, 63, 35, 31, 32, 51, 46, 52, 41, 23, 50, 47, 16, 11, 49, 37, 44, 3, 58, 12, 36]
[36, 34, 38, 19, 45, 9, 53, 31, 5, 14, 17, 28, 46, 16, 24, 52, 62, 63, 21, 47, 56, 64, 61, 39, 49, 26, 42, 43, 60, 2, 1, 23, 18, 4, 3, 13, 55, 8, 22, 20, 33, 32, 41, 10, 59, 48, 6, 11, 44, 37, 54, 57, 35, 27, 25, 51, 29, 15, 50, 58, 12, 7, 40, 30]
[44, 35, 27, 30, 29, 37, 13, 33, 38, 61, 12, 16, 51, 18, 5, 21, 46, 54, 26, 49, 39, 55, 50, 62, 32, 31, 15, 10, 1, 57, 20, 40, 28, 52, 41, 9, 59, 2, 63, 45, 48, 22, 17, 8, 42, 53, 58, 47, 3, 43, 11, 60, 24, 36, 23, 7, 19, 56, 4, 34, 14, 64, 6, 25]
[42, 55, 22, 18, 24, 14, 20, 17, 44, 51, 4, 29, 58, 53, 63, 37, 10, 12, 39, 38, 1, 40, 57, 31, 32, 26, 64, 6, 36, 23, 61, 8, 35, 30, 34, 59, 5, 41, 48, 45, 13, 62, 47, 60, 16, 50, 52, 9, 46, 27, 25, 49, 19, 56, 43, 2, 21, 54, 28, 15, 3, 33, 7, 11]
[31, 51, 45, 57, 22, 24, 29, 48, 62, 43, 34, 5, 47, 28, 18, 46, 53, 21, 13, 39, 59, 63, 11, 64, 61, 20, 42, 37, 35, 60, 26, 17, 4, 8, 23, 19, 14, 49, 38, 1, 12, 10, 55, 32, 6, 16, 9, 52, 36, 30, 7, 50, 25, 54, 3, 56, 33, 44, 27, 40, 15, 58, 2, 41]
[70, 14, 41, 58, 68, 45, 77, 5, 54, 74, 20, 49, 48, 53, 56, 29, 38, 26, 18, 7, 23, 66, 79, 12, 6, 32, 44, 39, 76, 8, 16, 72, 21, 81, 2, 36, 3, 63, 11, 73, 55, 4, 24, 15, 19, 17, 51, 61, 27, 10, 46, 37, 67, 13, 64, 22, 71, 1, 59, 28, 40, 60, 50, 75, 57, 42, 33, 35, 47, 78, 43, 62, 34, 69, 65, 52, 31, 9, 80, 30, 25]
[14, 50, 30, 22, 19, 76, 77, 57, 33, 46, 23, 9, 71, 55, 3, 29, 25, 1, 60, 20, 8, 12, 66, 75, 69, 43, 21, 53, 68, 61, 67, 35, 78, 62, 5, 41, 2, 59, 72, 44, 49, 40, 47, 39, 32, 24, 11, 37, 73, 81, 27, 36, 7, 65, 79, 51, 34, 58, 45, 26, 10, 13, 48, 4, 31, 28, 63, 38, 18, 64, 17, 6, 54, 56, 52, 80, 70, 15, 74, 42, 16]
[63, 74, 11, 32, 47, 81, 4, 1, 16, 23, 29, 80, 34, 39, 58, 25, 24, 20, 5, 40, 14, 35, 53, 51, 45, 22, 15, 61, 21, 76, 54, 41, 73, 56, 17, 67, 3, 7, 48, 37, 68, 38, 43, 8, 52, 33, 31, 46, 36, 13, 2, 9, 30, 19, 42, 27, 12, 69, 75, 62, 78, 79, 60, 6, 71, 77, 49, 59, 10, 70, 18, 28, 66, 55, 72, 50, 64, 57, 26, 44, 65]
[6, 23, 24, 45, 22, 20, 17, 57, 33, 41, 78, 62, 32, 26, 68, 47, 80, 11, 65, 54, 75, 28, 36, 56, 38, 15, 39, 21, 74, 72, 77, 55, 5, 29, 10, 30, 35, 64, 37, 3, 31, 60, 50, 58, 49, 2, 51, 73, 63, 52, 48, 53, 79, 1, 12, 8, 25, 44, 71, 81, 46, 4, 27, 67, 7, 61, 76, 70, 43, 42, 69, 14, 9, 34, 19, 40, 59, 18, 13, 16, 66]
[59, 60, 50, 21, 58, 26, 74, 42, 43, 63, 68, 64, 72, 1, 10, 38, 41, 17, 23, 2, 54, 16, 24, 76, 33, 11, 47, 6, 57, 44, 78, 79, 22, 32, 18, 36, 29, 35, 71, 67, 15, 27, 8, 30, 61, 70, 28, 81, 45, 49, 20, 34, 4, 12, 65, 40, 75, 51, 3, 7, 25, 69, 14, 31, 46, 62, 55, 73, 19, 9, 5, 66, 39, 56, 13, 53, 37, 52, 48, 80, 77]
[58, 46, 24, 7, 15, 30, 9, 19, 66, 78, 76, 29, 4, 80, 59, 56, 43, 44, 81, 67, 26, 35, 33, 40, 53, 23, 52, 1, 5, 54, 32, 48, 38, 51, 65, 34, 63, 45, 22, 14, 11, 79, 37, 62, 27, 16, 55, 8, 2, 21, 60, 3, 10, 20, 41, 77, 74, 25, 57, 18, 17, 13, 61, 71, 72, 47, 50, 6, 68, 75, 49, 73, 36, 42, 70, 39, 12, 64, 31, 69, 28]
[36, 30, 9, 69, 74, 57, 79, 8, 64, 73, 19, 62, 22, 29, 51, 81, 40, 43, 17, 76, 11, 10, 4, 3, 38, 20, 61, 37, 28, 48, 66, 53, 21, 52, 65, 56, 2, 55, 35, 63, 72, 77, 18, 12, 31, 1, 44, 14, 59, 23, 5, 47, 54, 60, 78, 67, 68, 75, 41, 32, 16, 49, 24, 71, 25, 15, 45, 27, 26, 46, 6, 50, 39, 42, 70, 13, 33, 80, 7, 58, 34]
[64, 46, 25, 61, 1, 42, 41, 30, 19, 32, 66, 76, 34, 65, 36, 45, 57, 71, 22, 53, 37, 4, 72, 48, 79, 27, 33, 7, 81, 55, 63, 18, 43, 20, 24, 16, 29, 8, 39, 40, 58, 62, 80, 51, 67, 21, 78, 44, 26, 17, 5, 75, 12, 73, 2, 28, 6, 54, 68, 23, 56, 15, 3, 14, 59, 77, 74, 60, 35, 9, 38, 13, 10, 11, 31, 50, 49, 47, 52, 70, 69]
[6, 14, 17, 62, 35, 23, 29, 32, 59, 13, 5, 54, 10, 19, 39, 44, 46, 58, 68, 79, 18, 16, 73, 24, 48, 61, 9, 51, 2, 42, 50, 78, 40, 27, 30, 34, 66, 8, 25, 67, 22, 15, 45, 21, 38, 76, 57, 52, 3, 47, 63, 37, 7, 28, 1, 71, 72, 65, 31, 80, 36, 43, 33, 49, 4, 55, 81, 20, 70, 74, 75, 26, 53, 77, 64, 60, 69, 56, 41, 12, 11]
[34, 76, 72, 56, 43, 13, 16, 66, 17, 55, 8, 41, 59, 77, 2, 48, 58, 67, 78, 45, 1, 15, 25, 12, 10, 61, 32, 62, 3, 33, 51, 37, 68, 74, 24, 46, 81, 14, 63, 7, 36, 80, 20, 60, 40, 18, 71, 39, 73, 52, 11, 35, 44, 79, 5, 28, 64, 29, 31, 6, 42, 54, 22, 65, 47, 57, 27, 75, 9, 53, 26, 19, 4, 69, 30, 70, 49, 23, 38, 50, 21]
[83, 32, 70, 6, 45, 18, 28, 3, 35, 64, 71, 90, 52, 50, 54, 16, 19, 51, 17, 2, 30, 53, 24, 10, 23, 91, 100, 11, 88, 81, 92, 5, 47, 79, 38, 27, 57, 87, 69, 8, 62, 12, 29, 33, 56, 48, 66, 25, 61, 89, 13, 76, 44, 31, 59, 73, 67, 85, 21, 40, 34, 63, 97, 74, 86, 99, 78, 95, 36, 77, 49, 65, 94, 37, 46, 26, 9, 20, 43, 1, 7, 15, 96, 60, 98, 72, 75, 68, 14, 39, 82, 22, 41, 58, 42, 55, 84, 80, 4, 93]
[52, 18, 38, 10, 70, 49, 60, 26, 80, 29, 67, 88, 76, 35, 42, 43, 61, 56, 99, 46, 31, 9, 72, 92, 41, 17, 90, 34, 57, 95, 89, 4, 50, 84, 19, 44, 55, 15, 51, 73, 22, 96, 75, 1, 65, 27, 86, 79, 24, 13, 3, 78, 59, 81, 21, 33, 58, 98, 62, 30, 5, 20, 2, 12, 7, 25, 14, 6, 94, 45, 85, 64, 53, 11, 74, 36, 66, 68, 48, 47, 82, 97, 54, 83, 23, 40, 39, 69, 100, 16, 91, 77, 93, 32, 71, 37, 87, 28, 8, 63]
[99, 27, 28, 80, 7, 33, 82, 74, 92, 87, 70, 100, 3, 47, 9, 49, 53, 66, 65, 93, 95, 2, 83, 20, 46, 90, 88, 37, 84, 16, 63, 86, 62, 59, 29, 43, 31, 32, 36, 24, 98, 76, 23, 64, 60, 30, 52, 25, 78, 97, 1, 41, 73, 54, 77, 39, 17, 75, 13, 71, 38, 26, 81, 11, 4, 55, 89, 19, 58, 5, 35, 34, 21, 14, 42, 44, 10, 6, 67, 85, 61, 40, 45, 79, 56, 91, 22, 94, 12, 50, 51, 48, 8, 96, 69, 57, 18, 15, 68, 72]
[43, 93, 16, 59, 88, 70, 90, 82, 10, 78, 1, 77, 28, 29, 23, 33, 8, 51, 12, 47, 85, 86, 74, 72, 24, 94, 13, 62, 7, 6, 52, 3, 32, 95, 100, 60, 39, 15, 75, 31, 48, 67, 66, 50, 63, 64, 42, 41, 97, 71, 91, 80, 22, 27, 11, 53, 4, 92, 30, 84, 38, 57, 36, 58, 69, 44, 83, 35, 81, 99, 65, 19, 56, 46, 5, 55, 96, 73, 26, 61, 87, 89, 9, 2, 34, 54, 79, 21, 18, 25, 49, 20, 68, 14, 37, 17, 40, 45, 98, 76]
[67, 32, 39, 71, 91, 42, 6, 40, 57, 56, 96, 68, 43, 72, 33, 36, 47, 98, 50, 9, 62, 41, 93, 87, 20, 11, 75, 21, 70, 73, 85, 24, 97, 29, 16, 64, 35, 1, 59, 38, 30, 81, 15, 31, 46, 28, 54, 26, 44, 19, 14, 100, 27, 45, 78, 61, 7, 88, 94, 18, 17, 79, 69, 22, 83, 10, 92, 86, 2, 34, 63, 74, 76, 52, 5, 82, 89, 13, 99, 37, 84, 25, 8, 48, 80, 49, 53, 77, 95, 66, 90, 55, 60, 12, 4, 51, 58, 23, 3, 65]
[12, 52, 20, 81, 2, 73, 82, 4, 22, 44, 85, 97, 1, 41, 71, 74, 25, 11, 43, 19, 14, 15, 72, 75, 57, 48, 7, 87, 47, 10, 78, 38, 27, 69, 89, 95, 86, 26, 6, 79, 39, 33, 32, 29, 9, 34, 68, 23, 62, 46, 18, 55, 96, 45, 5, 99, 16, 17, 30, 92, 24, 40, 13, 49, 51, 42, 61, 36, 58, 76, 91, 65, 88, 35, 77, 94, 63, 70, 54, 64, 53, 31, 90, 21, 84, 98, 56, 3, 37, 67, 50, 8, 83, 60, 93, 59, 28, 80, 66, 100]
[81, 19, 94, 26, 96, 71, 35, 66, 74, 22, 84, 51, 1, 73, 75, 13, 15, 2, 30, 14, 12, 33, 8, 21, 57, 86, 58, 17, 78, 44, 67, 32, 27, 5, 20, 41, 3, 40, 7, 46, 49, 48, 92, 63, 45, 95, 10, 72, 59, 80, 53, 70, 60, 98, 62, 85, 88, 55, 68, 54, 6, 79, 93, 77, 18, 37, 99, 29, 34, 47, 83, 97, 43, 24, 16, 100, 76, 50, 56, 23, 52, 89, 61, 38, 91, 69, 36, 9, 90, 25, 87, 28, 39, 64, 42, 4, 11, 31, 82, 65]
[56, 30, 63, 45, 94, 36, 26, 62, 21, 55, 96, 91, 12, 64, 1, 29, 39, 19, 79, 2, 90, 4, 74, 66, 18, 43, 83, 52, 14, 13, 82, 38, 58, 28, 99, 27, 23, 78, 77, 72, 32, 16, 17, 53, 67, 40, 47, 35, 5, 44, 76, 33, 80, 25, 61, 59, 51, 95, 46, 73, 22, 87, 37, 92, 15, 49, 48, 8, 86, 57, 54, 85, 20, 3, 88, 41, 42, 11, 7, 84, 68, 70, 100, 24, 9, 89, 71, 34, 60, 69, 6, 10, 75, 65, 93, 31, 50, 81, 97, 98]
[29, 5, 7, 95, 57, 85, 83, 68, 33, 92, 55, 75, 59, 71, 16, 64, 52, 26, 27, 60, 82, 69, 86, 18, 76, 73, 100, 53, 8, 48, 3, 62, 37, 93, 2, 42, 81, 46, 9, 54, 67, 58, 19, 66, 32, 11, 40, 99, 13, 94, 1, 12, 80, 47, 17, 65, 87, 38, 23, 79, 24, 30, 28, 97, 77, 90, 39, 25, 43, 56, 45, 6, 88, 35, 61, 49, 14, 91, 72, 78, 70, 51, 41, 63, 4, 10, 74, 84, 21, 34, 44, 89, 96, 31, 22, 36, 98, 20, 15, 50]
[76, 10, 77, 61, 90, 63, 87, 18, 56, 66, 48, 96, 27, 16, 52, 45, 95, 85, 44, 64, 91, 31, 67, 69, 53, 73, 94, 43, 29, 19, 7, 100, 37, 13, 59, 11, 51, 82, 84, 9, 86, 72, 2, 22, 79, 89, 41, 65, 8, 58, 20, 74, 42, 34, 80, 97, 17, 55, 5, 26, 40, 98, 54, 15, 68, 49, 57, 78, 21, 25, 12, 39, 47, 81, 46, 24, 62, 83, 4, 93, 14, 71, 32, 36, 88, 99, 28, 70, 6, 3, 50, 38, 30, 33, 35, 75, 1, 60, 23, 92]
